Vehicle Capacity
0,0,0,0,0,0,0,0,0,0,0,0,0,0,0,0,0,0,0,0
Original Route
[0],[1],[2],[3],[4],[5],[6],[7],[8],[9],[10],[11],[12],[13],[14],[15],[16],[17],[18],[19]
Coordinates
"[0.5554761636671623, 7.508819726572589]","[9.95020219606026, 3.0747278293296807]","[3.266390113733151, 5.621686217845342]","[5.696680935334932, 3.851555830405986]","[2.929381790799901, 4.584910699816605]","[3.8552907151400353, 5.890333177240782]","[9.50443779072122, 9.229641220859508]","[7.560767440062321, 3.9103807313090178]","[3.7756566122491786, 2.971110594531999]","[0.17769845441229615, 4.49524141355073]","[9.084927162750475, 3.7324468661776944]","[2.3297667768955788, 0.06623220974944388]","[9.9048709633193, 8.896705116558671]","[8.882701420976138, 3.24729728714627]","[0.8441785822546655, 4.469876250576376]","[7.52126025749408, 4.900120131904807]","[9.208490117706003, 7.272516313201561]","[9.330012176908205, 2.9446922568193292]","[7.913995989365673, 4.13719854346461]","[6.848272000835611, 9.19812734023976]","[9.654171310397235, 9.507782475013542]","[8.727722233239497, 2.192647861904689]","[6.821317614584765, 1.7215446022642595]","[7.799703836369141, 0.8472227691458545]","[5.9669044698402764, 4.735814093924132]","[8.331330017363303, 1.3293718809905268]","[6.927657726837506, 3.7187957876440674]","[7.216018115906543, 2.5853550416821918]","[6.9782031047540745, 0.6786136758595679]","[7.446701073376275, 0.7867332293289647]","[7.6970043975189215, 2.9751593796326796]","[7.80736167028623, 2.1420285127674736]","[6.987667567555155, 3.8722792645729265]","[3.082162431460509, 6.413472980058513]","[2.457624219328032, 8.028642179392357]","[0.47501419502482545, 6.454442242055117]","[0.75596627172201, 9.419438014704447]","[4.138657130587866, 3.6209165889373356]","[3.3702583831776907, 4.081500625666998]","[1.2625388493577865, 2.5258800603486744]","[0.10970016734281995, 1.8999598419004786]","[2.9604264166631005, 1.6220651725267166]","[2.3301385580873197, 0.8158723443348276]","[0.834888860820161, 2.9342684030542006]","[3.3663909842420208, 1.1374756941827147]","[2.0956992440037405, 3.8546070881592662]","[3.8284176365665306, 2.8365792353197063]","[2.3276050347456314, 0.40075239102650706]","[2.315587673285719, 2.3946315863275953]","[3.6114023629135334, 1.5426214431215186]","[3.0917777432975795, 3.7921234248294056]","[4.501982120590101, 1.5457934902923176]","[2.521413938115784, 2.425234426908362]","[1.7098893767350924, 2.949400462257579]","[3.151248275917542, 0.17959042430370442]","[2.4394703404694433, 2.223474956179263]","[3.8766572070972787, 0.3909609721248358]","[0.2096622833910905, 2.018608530482487]","[0.9279041968223178, 1.0579978191782724]","[2.6292853452760605, 3.99430209726011]","[8.765934725061905, 1.2463363039148878]","[5.955428485376755, 4.5832790663477585]","[9.757298844810293, 4.032174963023505]","[8.57480887077764, 1.4978117369119266]","[6.086356033378939, 0.5692250891860173]","[8.156973649710286, 3.4716530848550637]","[6.242263694925548, 0.23223250113459104]","[7.974509311650153, 4.29982663642959]","[5.765377895210807, 1.0220607536000599]","[7.236967035027204, 0.4778317237716917]","[6.076115992242422, 7.713816429204499]","[8.161349223315817, 9.323681943485234]","[7.074729788038617, 0.9683933028466091]","[0, 0]"
Demand of Rebalancing Centers
10,10,8
Travel Time between Nodes
"[0.0, 17.314256182640666, 5.505130769569923, 10.515539521006144, 6.277090604216964, 6.1256008286897625, 15.188184444356544, 13.125766545845325, 9.273673353524666, 5.061941394784968, 15.5467508508379, 12.75192971516274, 15.753078092118598, 15.590528997127516, 5.087710284160313, 12.397071968035208, 14.427066556376449, 16.484314245149363, 13.490289041008195, 10.859332860350333, 15.5261522602264, 16.248699872462197, 14.215926363342865, 16.40254964912622, 10.134253871503716, 16.553740667419984, 12.356844631806664, 13.80452055597325, 15.626112054200995, 16.044679598669013, 14.098414179568518, 15.036279398479264, 12.315021629882581, 4.589822070793171, 3.2864970409701453, 1.7624052443048714, 3.201847785251752, 8.812077672990892, 7.391721187830664, 8.388090989068923, 9.37757748935415, 10.59843606111626, 11.540384558821202, 7.638461026431771, 11.606423856784065, 6.609243767452848, 9.507595953459711, 12.209406890495796, 9.014327000841226, 11.172163683396196, 7.499380919306164, 11.917842734809561, 9.084136177358587, 7.8388232347989595, 12.958870302269325, 9.351812569429907, 13.090937999189881, 9.168485610058315, 10.769272894159757, 6.801249617303504, 17.21032703603685, 10.235867388660214, 16.39449428815064, 16.703452247888443, 14.79006853943508, 14.345099678531023, 15.391941801825622, 13.47216157524841, 13.86653826320569, 16.165559460332613, 9.20740761032198, 13.032334772687753, 15.391000763708695, 12.548896305448986]","[17.314256182640666, 0.0, 11.92107622200326, 7.206460230372507, 11.969007601258292, 11.189724879380135, 10.285057224804406, 4.218910544519699, 10.292358235591326, 16.45867621781898, 1.8114567608400531, 13.65467785847004, 9.703589606954745, 1.8022656440161287, 15.353800214757934, 5.063983938677508, 7.104686435043339, 1.0561261892905303, 3.8278873396343824, 11.440424490262128, 10.733103822548923, 2.5124812483715564, 5.681603737357152, 5.160324599011499, 7.192949548406884, 3.967582008310849, 5.150673797172432, 4.62938930141376, 6.36268235608235, 5.652540520497648, 3.7589944708682843, 3.8950444063989575, 5.113353899608371, 12.727615359877767, 14.970340317994863, 16.766505728729747, 18.618190147212243, 9.72859162599521, 11.094199190484948, 14.50830493000791, 16.517293967357745, 11.898551994152367, 13.246361968988646, 15.193992421169078, 11.438181176800775, 13.155208968547736, 10.210691692981644, 13.463338298291825, 12.774743942976952, 10.868881842643042, 11.493070667761254, 9.431145536030499, 12.428544281116505, 13.735443032663097, 12.316158650123535, 12.598029438129679, 11.066786304171158, 16.329379263198742, 15.408246450169528, 12.297407175942938, 3.630696678276572, 7.116870378481143, 1.6278110018109084, 3.487426288252503, 7.675149500848425, 3.0610538662355107, 7.786845677702603, 3.874499774403268, 7.768561384188286, 6.259551462038794, 10.073298995101991, 10.833259291915985, 5.940675865671172, 17.357393154802367]","[5.505130769569923, 11.92107622200326, 0.0, 5.011008732474838, 1.8169556991098823, 1.0788047747517793, 12.010479003787484, 7.704660041735818, 4.498426731589888, 5.479480425358813, 10.195941283814419, 9.389759864279089, 12.337294046153485, 10.16265979703418, 4.470202239995999, 7.192700303596328, 10.278590540664284, 11.047097305073333, 8.13154762340312, 8.436167006655618, 12.461662624986188, 10.747668037256561, 8.795297695343695, 10.973001530373333, 4.736837672107063, 11.065157853188744, 6.877069895295049, 8.303089847710055, 10.302578134143227, 10.652564912899807, 8.601428698682435, 9.534795986562395, 6.853290081024721, 1.354894538466172, 4.232000864044894, 4.85491220752595, 7.58747992438943, 3.637737719094912, 2.5728066579727233, 6.1462354454967505, 8.133596074145098, 6.6855113429632365, 8.160271979787087, 6.040238418347738, 7.475542379919331, 3.53281669298337, 4.735414988424774, 8.841107812773549, 5.607016159232242, 6.822715915820642, 3.0631272570770456, 7.0984327561966545, 5.470195394139069, 5.1542338863287815, 9.0721895355622, 5.828959334013203, 8.777007924980431, 7.8750227248278355, 8.546566591932093, 2.912750495629199, 11.712846437580877, 4.804285348766192, 11.137828706257833, 11.203378760524236, 9.643589010981048, 8.903877088619351, 10.26077143187779, 8.150272513299319, 8.7244061153035, 10.830091841217572, 5.838466392442837, 10.228690184033878, 10.021724461786128, 10.83623811146423]","[10.515539521006144, 7.206460230372507, 5.011008732474838, 0.0, 4.7713711981616, 4.578734363274826, 10.982664969136955, 3.1083574020842164, 3.521962151691187, 9.26065433773436, 5.650565223191588, 8.443404043558322, 10.949682216494033, 5.404693156576407, 8.15289642271881, 3.5073639980081146, 8.171048885179019, 6.2413267491087945, 3.726063535106766, 9.115308992737193, 11.505388824840978, 5.758854775609107, 4.01447225406747, 6.112083311235716, 1.541043509372688, 6.078831133103062, 2.063525226787697, 3.2963152431633804, 5.7032790243884195, 5.882107535102335, 3.6398125303875317, 4.526912368959811, 2.151921586561251, 6.10080288176744, 8.809644143462211, 9.724085392411586, 12.406536517034963, 2.6250040401364454, 3.896264771138521, 7.7134500650110445, 9.863383604167336, 5.882581959697949, 7.555164128927009, 8.245948230661915, 5.962028514320704, 6.001638306763581, 3.54361132575933, 8.037881976609407, 6.136054627196439, 5.185333142995338, 4.3426351609231615, 4.328152424354083, 5.801511596535408, 6.812649843408528, 7.446579633787244, 6.069062757663942, 6.516688649687991, 9.641788315434894, 9.211285038815998, 5.117858765205696, 6.709754012498001, 1.2935407787560647, 6.7743882622179665, 6.196713212671222, 5.508967884981632, 4.149085018439332, 6.10035561562937, 3.869197744680948, 4.717214827382892, 6.181175638040649, 6.468090027082922, 10.002604378530403, 5.3259440479705145, 11.460882261189196]","[6.277090604216964, 11.969007601258292, 1.8169556991098823, 4.7713711981616, 0.0, 2.6674140518992147, 13.416913353343814, 7.800413755160102, 3.0370544269606277, 4.588573296985995, 10.357154453404618, 7.597147392551569, 13.667583331878495, 10.169565742503641, 3.480623086555747, 7.67114087541508, 11.383519436511895, 11.012415453114897, 8.341133829716846, 10.08842409367605, 13.890190443250548, 10.454089228102319, 8.052954920930185, 10.232077541655126, 5.068781318587392, 10.511842216619177, 6.818350546255678, 7.883434427417533, 9.376701396976978, 9.836486160952019, 8.386749574466355, 9.092481797323211, 6.867299123040266, 3.0582229484548664, 5.793157292507071, 5.1421646119269635, 8.834337895231636, 2.5774834266248137, 1.1152900375910753, 4.415242715645904, 6.489214463478377, 4.9383469420941655, 6.360630335868323, 4.444572415878652, 5.7917050725879795, 1.847197542549468, 3.2765701756406433, 7.045352293286141, 3.7910954931264103, 5.196333104055352, 1.3487485030053048, 5.703143677560391, 3.66311925845027, 3.4001860590929422, 7.351506169763127, 4.01953286412908, 7.165997068084655, 6.232259493801636, 6.758744752542376, 1.1041291163800895, 11.206574106227524, 5.043411890770441, 11.41708856777299, 10.723938295301092, 8.513423598407702, 8.908026836108109, 9.116680989014478, 8.421959495014255, 7.589607961528177, 9.91959177472022, 7.395942430730457, 11.764994701175544, 9.168652527437303, 9.068058073621025]","[6.1256008286897625, 11.189724879380135, 1.0788047747517793, 4.578734363274826, 2.6674140518992147, 0.0, 10.937174235367623, 7.002136469022224, 4.867180931087821, 6.555524783061568, 9.428911022554365, 10.034298869058292, 11.259032598155569, 9.466387484363816, 5.548897327226968, 6.328913931890744, 9.214598029601214, 10.36143698689284, 7.3685837526572, 7.434797912760951, 11.391146120758185, 10.194424618636353, 8.527099570565941, 10.670748888011527, 4.011035805119272, 10.650677571161086, 6.270524895843906, 7.855884054286801, 10.126231331750082, 10.400982964975004, 8.037585715395375, 9.078156428761435, 6.210279636748362, 1.5558157884365367, 4.25761964736879, 5.711705424790174, 7.828082097909119, 3.8117319542108006, 3.1212228562793194, 7.079294341262323, 9.121483783284924, 7.268442801429419, 8.831169836761143, 7.043741570194246, 7.9632275005408495, 4.484647532001297, 5.089786968951355, 9.496976236099668, 6.366277272081652, 7.257578194807842, 3.7213484052923573, 7.320677500779945, 6.188281175343508, 6.067177665495665, 9.589962713756982, 6.551165406648996, 9.165689520249536, 8.86329171400093, 9.416453808864073, 3.7631336761283203, 11.264636349562958, 4.122758348072729, 10.312674498423576, 10.745554148517742, 9.616514114764927, 8.225044656899357, 10.234981309647411, 7.3593615556042264, 8.71596705705037, 10.636794984639488, 4.789211278606979, 9.178783450391533, 9.802250318628287, 11.733060062768086]","[15.188184444356544, 10.285057224804406, 12.010479003787484, 10.982664969136955, 13.416913353343814, 10.937174235367623, 0.0, 9.43874794364571, 14.140970753992232, 17.43261695332581, 9.188630495848601, 19.39673289081344, 0.8679368500837397, 10.024275403946408, 16.470128864280674, 7.93685950836706, 3.298957297110982, 10.478948178682364, 8.891706114572287, 4.427254550580966, 0.5264732877494749, 11.799548318945702, 13.288533979185875, 14.256680398515558, 9.531909019930431, 13.311486006284888, 10.139199629603144, 11.71222099618903, 14.860642815834346, 14.483417313849335, 10.850673119557927, 12.14659546018947, 9.865126496750808, 11.68765069429451, 11.914041693123687, 15.743801235413585, 14.584216805781493, 12.936747196497576, 13.347025115045943, 17.706661635354866, 19.859599143401965, 16.724839992173386, 18.428697140521745, 17.85690012627476, 16.92785028598219, 15.255272201704022, 14.24863018185377, 18.963137221168665, 16.532537171278715, 16.14329406843008, 14.0127728109004, 15.281259281130518, 16.250006319966715, 16.683026051447435, 18.429025749800513, 16.583134906807896, 17.463786565727872, 19.606677164322683, 19.743682841433166, 14.402593987735628, 13.362316849893412, 9.744535266311612, 8.672689287838324, 12.97919243952889, 15.517560883079327, 9.855918552614616, 15.950891955298845, 8.602931184571569, 15.031905515043768, 15.06795653597801, 6.247469521716783, 2.2439613765535427, 14.351896713711199, 22.080698885846907]","[13.125766545845325, 4.218910544519699, 7.704660041735818, 3.1083574020842164, 7.800413755160102, 7.002136469022224, 9.43874794364571, 0.0, 6.499848794965545, 12.343663428894683, 2.5575179594380835, 10.81933015407808, 9.18305386790151, 2.4648580665794175, 11.23308618928256, 1.6508793099488537, 6.240313759350294, 3.3593903086965233, 0.699636270488697, 8.89255524319476, 9.960093435075972, 3.4610490140479464, 3.850609491514309, 5.120771237118399, 2.9915340750390618, 4.489300047817128, 1.1024375764876544, 2.2819005082733312, 5.473090612122578, 5.2095491521273765, 1.575153859511604, 2.9757717407984754, 0.9572750470231917, 8.551051531962969, 10.929337187142968, 12.547703200632546, 14.592143157304616, 5.723884767632886, 6.990002418946729, 10.7476774608204, 12.862542047783757, 8.563411448348619, 10.129091856024937, 11.327233400094705, 8.380167758540281, 9.108921311738712, 6.472910368185746, 10.501782897221435, 9.09966517337536, 7.674591657505054, 7.45092345140394, 6.443653305341479, 8.756068255002699, 9.88211869846941, 9.62673585700621, 8.986615831406748, 8.491659903493181, 12.651037406326543, 12.03362916083042, 8.220326846512956, 4.873272028787625, 2.9011038745473225, 3.666509105297656, 4.361692197076396, 6.086690859081263, 1.2337204259495151, 6.512216410774737, 0.946998840372668, 5.66809195590025, 5.746312680378994, 6.80488244439637, 9.07752543558425, 4.969776048054987, 14.18687595264834]","[9.273673353524666, 10.292358235591326, 4.498426731589888, 3.521962151691187, 3.0370544269606277, 4.867180931087821, 14.140970753992232, 6.499848794965545, 0.0, 6.512440586000613, 8.93929942211228, 5.408048489251862, 14.208755028037041, 8.52417897113887, 5.487324264986291, 7.021914993343489, 11.54914271164477, 9.257363985742227, 7.165816597809429, 11.573041336262554, 14.65198264261538, 8.354798711034244, 5.486717828381319, 7.583581599740299, 4.689155815449921, 8.070774810939938, 5.3991110827938575, 5.7698677585467, 6.564180188885824, 7.119627001228381, 6.535583125751908, 6.860114749061447, 5.560055792303244, 5.8525381417133735, 8.710758852108244, 7.997888563902479, 11.867258443861058, 1.2405388688872985, 1.97013376969566, 4.2537536099600715, 6.365401399321339, 2.6270620590884444, 4.325176412593818, 4.901664205745094, 3.1312560942708596, 3.163517211627051, 0.24084580301352768, 4.916975884468039, 2.616257586614374, 2.3965024944479283, 1.7808802247074622, 2.666186202396022, 2.279805959089963, 3.44313552237834, 4.767503024316424, 2.551879917404973, 4.303542853848409, 6.151688055473209, 5.7178313465642905, 2.5609720013418964, 8.799892991267233, 4.518631983365856, 10.125037913844103, 8.367010604551437, 5.554874184893973, 7.349694205159111, 6.143108991834637, 7.340120024613368, 4.6421337485839915, 7.109678335084192, 8.785305280415619, 12.86570186606256, 6.432288423265919, 8.00747585047894]","[5.061941394784968, 16.45867621781898, 5.479480425358813, 9.26065433773436, 4.588573296985995, 6.555524783061568, 17.43261695332581, 12.343663428894683, 6.512440586000613, 0.0, 14.899718377665348, 8.20696191453609, 17.794409839026894, 14.656667158527842, 1.1116043864381795, 12.257857653614343, 15.74699741520812, 15.471214234688615, 12.90763062926401, 13.602868108283905, 17.86749886767328, 14.757751605568034, 11.998966338160535, 14.083383241775936, 9.657004007398747, 14.577802528496674, 11.32411610352347, 12.15474411390531, 12.997169647811118, 13.600595577946109, 12.785692009242974, 13.30720061387741, 11.397339012172337, 5.801226722933891, 7.008523078203663, 3.302719643645662, 8.263390788315446, 6.760513937832474, 5.365429551592603, 3.7473186050499714, 4.326953702340642, 6.666399291279404, 7.104528123240847, 2.822792141053258, 7.717647647501524, 3.3702700879830503, 6.683086190036208, 7.707669099260803, 4.995312235375622, 7.547679411771039, 4.996174372005289, 8.723956842700055, 5.211613951684068, 3.6275310202913245, 8.734802993701994, 5.3428391592539315, 9.208603132689436, 4.128065232802402, 5.863600567862972, 4.170404484133394, 15.303702044124217, 9.630667875048752, 15.984643166464956, 14.860092717953828, 11.823451104180174, 13.407767826166602, 12.354958130216048, 12.99876559082304, 10.96524122318866, 13.537279136270264, 11.19902706364023, 15.550323107658492, 12.910772721194295, 7.497920472223185]","[15.5467508508379, 1.8114567608400531, 10.195941283814419, 5.650565223191588, 10.357154453404618, 9.428911022554365, 9.188630495848601, 2.5575179594380835, 8.93929942211228, 14.899718377665348, 0.0, 12.809861841742674, 8.714909177941884, 0.8760158621574867, 13.78946248891183, 3.252569516759844, 5.903708696326499, 1.374998978514818, 2.0648538642607246, 9.842691783735864, 9.672202480177324, 2.6344809394025277, 5.046356249138565, 5.264218072348842, 5.459144038323463, 4.197445665708822, 3.595521045176049, 3.654768832634788, 6.183352068891069, 5.617683772947821, 2.6351333191687893, 3.4000016856202873, 3.503193348487682, 10.957124197237762, 13.163336970665426, 15.04990403606433, 16.808848351695218, 8.245878807995073, 9.542198353052251, 13.191491616277068, 15.26731333357847, 10.796504100057621, 12.262587187950338, 13.814266060279799, 10.466286007992398, 11.650492362035296, 8.88717415575228, 12.556714717342013, 11.50044767807702, 9.825534918699958, 9.989077542710378, 8.46312889436244, 11.154036415792238, 12.360818924669339, 11.526700167270146, 11.357705730027744, 10.313368335309326, 15.065373148722417, 14.307117631491007, 10.768250584933261, 4.177486585887495, 5.405161474751624, 1.2269209551587543, 3.8202002684392222, 7.264334646510013, 1.606506837434168, 7.515213494520546, 2.0782923062866825, 7.1425174948015915, 6.237760539834401, 8.317359399534721, 9.44500248513652, 5.696218430352065, 16.369607777263557]","[12.75192971516274, 13.65467785847004, 9.389759864279089, 8.443404043558322, 7.597147392551569, 10.034298869058292, 19.39673289081344, 10.81933015407808, 5.408048489251862, 8.20696191453609, 12.809861841742674, 0.0, 19.390680407025577, 12.14039715122671, 7.745796910864161, 11.82253932620233, 16.603828656457257, 12.61491268113695, 11.517665512358572, 16.98106773676743, 19.915779142142, 11.236779583518944, 7.978110338148089, 9.209016971375362, 9.864888011197918, 10.221747398778483, 9.786870723082737, 9.162337157921025, 7.814333581131138, 8.61235196836425, 10.174736818316156, 9.762879827256498, 10.025250614650435, 10.652798878083358, 13.272394078840469, 11.086695549772843, 15.807813368704782, 6.647444234717291, 6.913152367168726, 4.4686696374356165, 4.799089259596069, 2.797989252866346, 1.249400377961861, 5.390395674529742, 2.4844809150434077, 6.3259983466205885, 5.249544171025837, 0.5575452767134255, 3.880737581607645, 3.258456921681969, 6.338358983979771, 4.380392258647742, 3.94462366003979, 4.915086515430645, 1.3821098384980333, 3.600050593350072, 2.6343451495809553, 4.803533526113013, 2.8620203224758884, 6.565787676782654, 10.905771093282777, 9.653602541286991, 14.033386237246726, 10.67837517511047, 6.316856786648567, 11.248855654784537, 6.5266948055092175, 11.759917806459349, 5.943491295697338, 8.207386330033327, 14.193178803467127, 18.235171251217427, 8.049942825023647, 3.8845133902082924]","[15.753078092118598, 9.703589606954745, 12.337294046153485, 10.949682216494033, 13.667583331878495, 11.259032598155569, 0.8679368500837397, 9.18305386790151, 14.208755028037041, 17.794409839026894, 8.714909177941884, 19.390680407025577, 0.0, 9.568559539264253, 16.807154580463713, 7.7556953152873644, 2.945304903612458, 9.966181664177071, 8.5985279717649, 5.1190419498577455, 1.100840403701023, 11.344365072875899, 13.016146987106012, 13.867016691666251, 9.548210158919865, 12.882003317153389, 9.954695105820292, 11.433754778758647, 14.53944937078761, 14.123880803199816, 10.532934945905728, 11.788082642153224, 9.683165631703378, 12.100940454091196, 12.496112432002642, 16.23497994889152, 15.273043313368857, 13.025953425646927, 13.528504460915965, 17.894545744509507, 20.062389865450715, 16.761869457598653, 18.459898677306974, 18.09045381334531, 16.911317846166014, 15.492463711766717, 14.303108707226624, 18.973385721613138, 16.656178453998063, 16.132291090663834, 14.18870770407889, 15.204815536904519, 16.36352401345666, 16.87603131461944, 18.378694485864994, 16.688669412462357, 17.375513145202277, 19.811983186021266, 19.862811735949336, 14.6218730226999, 12.89113807624453, 9.747327294245997, 8.111280064894215, 12.529153604183051, 15.268702545882311, 9.499464102664637, 15.677990385137281, 8.309564079238367, 14.827285911828055, 14.719142918735013, 6.678861819871287, 2.991737356916477, 14.03050518686034, 22.189701736203805]","[15.590528997127516, 1.8022656440161287, 10.16265979703418, 5.404693156576407, 10.169565742503641, 9.466387484363816, 10.024275403946408, 2.4648580665794175, 8.52417897113887, 14.656667158527842, 0.8760158621574867, 12.14039715122671, 9.568559539264253, 0.0, 13.551603918035003, 3.5689032698276297, 6.730636110484831, 0.9000875215957953, 2.1923569630451873, 10.481634916252064, 10.513066020934367, 1.7766259835819775, 4.274350000187569, 4.388508181166503, 5.456279294006471, 3.32601208001233, 3.351826484654342, 2.9888685966654007, 5.329490629033878, 4.748237240436735, 2.027543993317188, 2.5701138339633047, 3.325722886214078, 11.013996283426442, 13.348207955642293, 14.997683455493144, 17.008098181201877, 7.9312230407275655, 9.29201022608069, 12.75705909519788, 14.793097976535208, 10.235385333502723, 11.648546323783085, 13.423163446247214, 9.843360422775264, 11.356865733583867, 8.451573471424997, 11.910791847731774, 11.037061526770348, 9.233470740965116, 9.694160980399044, 7.832591588903656, 10.690307887908242, 11.964992355047956, 10.834664091385044, 10.873443556844022, 9.60600735301443, 14.599399145059397, 13.750942496773963, 10.496458238927467, 3.340608443286703, 5.362880174001396, 1.9585663832023996, 2.960620014337509, 6.45316852067085, 1.2660265070421997, 6.679680433348853, 2.31698495328205, 6.383438553205639, 5.3692491653376315, 8.79183886326673, 10.198420286830505, 4.848300044335024, 15.762765920333258]","[5.087710284160313, 15.353800214757934, 4.470202239995999, 8.15289642271881, 3.480623086555747, 5.548897327226968, 16.470128864280674, 11.23308618928256, 5.487324264986291, 1.1116043864381795, 13.78946248891183, 7.745796910864161, 16.807154580463713, 13.551603918035003, 0.0, 11.151548160487073, 14.702276730598566, 14.369678532993174, 11.796067215001383, 12.737248105234723, 16.914529503436757, 13.67642229361209, 10.964528396013867, 13.070636068763802, 8.549373507889376, 13.531876389929279, 10.216114770897356, 11.074465027131984, 12.01849601806783, 12.600578223144522, 11.68990544808211, 12.236647349466141, 10.287476079382051, 4.940237273923823, 6.512386010922348, 3.364349251643697, 8.250579620825318, 5.670175730305874, 4.25960182889299, 3.3141726387970722, 4.45468819508449, 5.913387080012406, 6.574323285117361, 2.559393244228025, 6.965480135997567, 2.324304023075327, 5.669935790672717, 7.2184799539307365, 4.239917822075049, 6.713656926993318, 3.9126045891341197, 7.804875028191901, 4.40759402308581, 2.916096040629777, 8.118757951417525, 4.5920446212556385, 8.471107178540079, 4.220098856496737, 5.688175944979178, 3.0789504573109934, 14.254183613341443, 8.520846295147509, 14.873101674565357, 13.803764797572468, 10.890299443889878, 12.301018610395412, 11.437869293470076, 11.887263630297891, 10.014660694733449, 12.561422834515243, 10.259997420476617, 14.634473749689056, 11.911729881966744, 7.581489001766117]","[12.397071968035208, 5.063983938677508, 7.192700303596328, 3.5073639980081146, 7.67114087541508, 6.328913931890744, 7.93685950836706, 1.6508793099488537, 7.021914993343489, 12.257857653614343, 3.252569516759844, 11.82253932620233, 7.7556953152873644, 3.5689032698276297, 11.151548160487073, 0.0, 4.851977902023899, 4.439494991501971, 1.4301230572506975, 7.250628163687193, 8.462312172164479, 4.940185722931187, 5.424548650193183, 6.770751611747898, 2.6050263320964846, 6.102471286122527, 2.2034639212089053, 3.891340167572328, 7.093821221781225, 6.856770960602616, 3.221611010271598, 4.621484669441335, 1.9301540002705968, 7.816618043933867, 9.920245870697073, 12.026071307668461, 13.559891514614009, 6.027337171978331, 7.051586593843657, 11.15653888758198, 13.326267371002636, 9.36109704521448, 11.00868653083681, 11.615618732513665, 9.342321838835101, 9.208964508647176, 7.050470365478835, 11.45260337221272, 9.628733028746879, 8.589364580203457, 7.609929924933331, 7.521736591487088, 9.298076633577454, 10.216726310766912, 10.721267213589366, 9.572677867171421, 9.663167142872018, 13.098194748814983, 12.718561240340843, 8.291884394739045, 6.4332795317042, 2.662610143467939, 3.997637281414374, 5.936157355841202, 7.60401977089707, 2.605895890705265, 8.066564589670904, 1.2536468865354715, 7.095081906158442, 7.385695145393697, 5.271866842239029, 7.449387183043136, 6.595003436627897, 14.961110064287299]","[14.427066556376449, 7.104686435043339, 10.278590540664284, 8.171048885179019, 11.383519436511895, 9.214598029601214, 3.298957297110982, 6.240313759350294, 11.54914271164477, 15.74699741520812, 5.903708696326499, 16.603828656457257, 2.945304903612458, 6.730636110484831, 14.702276730598566, 4.851977902023899, 0.0, 7.21588307406221, 5.6533993130819296, 5.0768010998435935, 3.7987741223175995, 8.504280170925645, 10.070843434732806, 10.963205623276496, 6.860259077901766, 10.012544296441648, 7.037819653092445, 8.488460379830999, 11.601452513333518, 11.201349478196342, 7.5923692863335575, 8.863951024698602, 6.768732194215891, 10.310437856781025, 11.321797646747793, 14.619511969162415, 14.53486537789892, 10.413317736799804, 11.088974867976995, 15.42623102199824, 17.610945270717075, 14.040209924974175, 15.723299370892224, 15.717788307379823, 14.11941587576717, 13.152302025337555, 11.621665311587622, 16.207655849338373, 14.073799881435066, 13.349894564400271, 11.729273081657302, 12.354325807557982, 13.765206693854084, 14.425897211956137, 15.545611777685966, 14.074449601389716, 14.509024595723549, 17.36715045559007, 17.255300578992355, 12.251147778787182, 10.070680874571368, 7.034519440586948, 5.47747992658718, 9.682281191567455, 12.32452776585517, 6.5727231298633715, 12.732732898763675, 5.364386820116144, 11.893417469719347, 11.791550875211342, 5.272178933446023, 3.838324466468732, 11.09240231396511, 19.55659762030252]","[16.484314245149363, 1.0561261892905303, 11.047097305073333, 6.2413267491087945, 11.012415453114897, 10.36143698689284, 10.478948178682364, 3.3593903086965233, 9.257363985742227, 15.471214234688615, 1.374998978514818, 12.61491268113695, 9.966181664177071, 0.9000875215957953, 14.369678532993174, 4.439494991501971, 7.21588307406221, 0.0, 3.0854376094589737, 11.213147620846986, 10.951817753229232, 1.6058261530430922, 4.651654004483772, 4.327310516053391, 6.3505491636317455, 3.1651864840448947, 4.2066558307473425, 3.5738611721983133, 5.443170554555059, 4.773668481313175, 2.7221532801965007, 2.868765535581996, 4.19887416323265, 11.910320705124075, 14.24744256336742, 15.875324512695562, 17.906903992400025, 8.725353632487101, 10.112011360171758, 13.46389508882614, 15.465518938424658, 10.842427613728804, 12.194045097147386, 14.158549518878266, 10.385728647455142, 12.152186430099407, 9.171094523273638, 12.416983869033244, 11.72659819222018, 9.813298908926743, 10.492551383560972, 8.377680662812384, 11.380642240999393, 12.700207091150192, 11.282103759736605, 11.546971848648774, 10.036132486225974, 15.278744608147948, 14.352219573800408, 11.30405788610949, 2.982633211352833, 6.252284432178589, 1.9473575635118323, 2.720189572886242, 6.700777202426055, 2.143275725362912, 6.849904422324997, 3.1945166581557625, 6.75012951715733, 5.391927828672262, 9.622367713967728, 10.808597725073785, 4.997792904267006, 16.306128679854215]","[13.490289041008195, 3.8278873396343824, 8.13154762340312, 3.726063535106766, 8.341133829716846, 7.3685837526572, 8.891706114572287, 0.699636270488697, 7.165816597809429, 12.90763062926401, 2.0648538642607246, 11.517665512358572, 8.5985279717649, 2.1923569630451873, 11.796067215001383, 1.4301230572506975, 5.6533993130819296, 3.0854376094589737, 0.0, 8.619868506627322, 9.409124105199828, 3.5132399391145093, 4.418813941656063, 5.486600670887232, 3.395056030735344, 4.731119863152285, 1.7856869470297763, 2.8359749283206765, 5.97158028808034, 5.638159264170751, 1.9702089350648682, 3.3300293331197004, 1.605776525013551, 8.901941243033168, 11.169816280254054, 12.985897104080085, 14.826725426123256, 6.350794035037451, 7.573464951162249, 11.406410154357278, 13.53106203081345, 9.259191737164954, 10.828290048380522, 11.96764140182133, 9.079746762121113, 9.708592263743157, 7.146009193478453, 11.201288833077564, 9.772227551368179, 8.37392484707595, 8.057581945357281, 7.140887509096185, 9.429675721394826, 10.527979011319946, 10.320748762512304, 9.665627681083073, 9.179445696126114, 13.31719664111487, 12.724315702435323, 8.811070370419111, 5.022970595572275, 3.347874325837666, 3.077153884020355, 4.534753570066882, 6.681380092623061, 1.1808529178596263, 7.07959679015546, 0.28920272971727173, 6.307104275773269, 6.202448827788841, 6.701989419489194, 8.653964037273948, 5.4634376667020765, 14.883598757220948]","[10.859332860350333, 11.440424490262128, 8.436167006655618, 9.115308992737193, 10.08842409367605, 7.434797912760951, 4.427254550580966, 8.89255524319476, 11.573041336262554, 13.602868108283905, 9.842691783735864, 16.98106773676743, 5.1190419498577455, 10.481634916252064, 12.737248105234723, 7.250628163687193, 5.0768010998435935, 11.213147620846986, 8.619868506627322, 0.0, 4.704890256687469, 12.088685699338045, 12.461052209086805, 14.008214821349151, 7.5808692393962485, 13.345491702137098, 9.133177668497598, 11.038316432333945, 14.200840660691563, 14.0544247919696, 10.467632243136993, 11.868303217803698, 8.879453319180994, 7.806315319843278, 7.572883547878008, 11.564579900297163, 10.16054016384825, 10.334313462859631, 10.311327059341316, 14.502806108123083, 16.555596501633037, 14.19233569135728, 15.870634012299933, 14.47187939626186, 14.634206539322422, 11.918724355373548, 11.736554325009882, 16.484861389851503, 13.625219843967175, 13.852807135670888, 10.971696850476011, 13.339924366060155, 13.395042523093949, 13.483484093437655, 16.244827597894087, 13.752101653416897, 15.491635190753312, 16.297292662024788, 16.775682098605802, 11.165378726629045, 13.63292695087722, 7.834041481136617, 9.881169119794306, 13.15250186953495, 14.437458032618732, 9.790188881867483, 14.977252782945047, 8.376846440771857, 13.745779602114151, 14.548256813121919, 2.7885698157463015, 2.198443736545658, 13.721415283297155, 19.112559567867]","[15.5261522602264, 10.733103822548923, 12.461662624986188, 11.505388824840978, 13.890190443250548, 11.391146120758185, 0.5264732877494749, 9.960093435075972, 14.65198264261538, 17.86749886767328, 9.672202480177324, 19.915779142142, 1.100840403701023, 10.513066020934367, 16.914529503436757, 8.462312172164479, 3.7987741223175995, 10.951817753229232, 9.409124105199828, 4.704890256687469, 0.0, 12.28927968918774, 13.809272274746903, 14.761468613997044, 10.050928506526148, 13.807838849623666, 10.66487526466056, 12.232083561222606, 15.376300985749243, 14.993482361141393, 11.36584391342581, 12.656249804296358, 10.390853168569476, 12.106707502155803, 12.244970174650277, 16.122776498455575, 14.83107264177069, 13.444958434331644, 13.837559232576693, 18.193898297160725, 20.342613634758724, 17.239389496564407, 18.943685365130662, 18.332638636812764, 17.44819451302811, 15.731152032139724, 14.761469978503484, 19.480515218357738, 17.033604479584742, 16.663236881817653, 14.5041917032689, 15.805969515800351, 16.753002598668186, 17.16941645183471, 18.951925651741742, 17.0874422793809, 17.98889345072581, 20.089140041093746, 20.244793464236146, 14.88357490461181, 13.848431225783182, 10.264749862677476, 9.12763096222366, 13.47061147887274, 16.040496839653564, 10.365066710658107, 16.47194086371996, 9.120195606862417, 15.557258698761265, 15.579802369906188, 6.670997350324193, 2.506885401242793, 14.867440749745509, 22.583238086064316]","[16.248699872462197, 2.5124812483715564, 10.747668037256561, 5.758854775609107, 10.454089228102319, 10.194424618636353, 11.799548318945702, 3.4610490140479464, 8.354798711034244, 14.757751605568034, 2.6344809394025277, 11.236779583518944, 11.344365072875899, 1.7766259835819775, 13.67642229361209, 4.940185722931187, 8.504280170925645, 1.6058261530430922, 3.5132399391145093, 12.088685699338045, 12.28927968918774, 0.0, 3.272917850104574, 2.724062950587547, 6.256065769045592, 1.5832212311460208, 3.9332484872370275, 2.603132870755184, 3.856133893425766, 3.17000313972323, 2.156838950002649, 1.536252551165705, 4.030767740627887, 11.748251661122113, 14.276336168036643, 15.480281480958537, 17.93316209820612, 8.010318011615201, 9.467808567851204, 12.454361870117745, 14.37165135927671, 9.659086919309226, 10.906749656666916, 13.212664344802688, 9.106966360523126, 11.39515459885915, 8.23573398615398, 11.077052046286543, 10.69219173040222, 8.595745614451172, 9.764190865108986, 7.124936662043656, 10.351108255794216, 11.764193850169725, 9.881163624089499, 10.480545757718545, 8.624723431421632, 14.199729555141118, 13.136525851469528, 10.59833457307841, 1.578471271090026, 6.101167961977938, 3.5134218659165524, 1.1857718267187236, 5.167289451913241, 2.334290461988479, 5.275923440082701, 3.7295859514970218, 5.30873445768063, 3.7870192942465173, 10.208155509449035, 11.922484064786687, 3.4283066962446305, 14.998225823493092]","[14.215926363342865, 5.681603737357152, 8.795297695343695, 4.01447225406747, 8.052954920930185, 8.527099570565941, 13.288533979185875, 3.850609491514309, 5.486717828381319, 11.998966338160535, 5.046356249138565, 7.978110338148089, 13.016146987106012, 4.274350000187569, 10.964528396013867, 5.424548650193183, 10.070843434732806, 4.651654004483772, 4.418813941656063, 12.461052209086805, 13.809272274746903, 3.272917850104574, 0.0, 2.1868789701593223, 5.22170746613054, 2.6001799616438195, 3.3334668793977227, 1.5828569116483513, 1.757774772480673, 1.8745197707229226, 2.5486256382618624, 1.7865932811236878, 3.595263819136546, 9.999371283824132, 12.782507567334001, 13.194684026558242, 16.333847772651687, 5.47831107797855, 6.968022645364971, 9.36111592497127, 11.18998073127337, 6.436954291676972, 7.6359768996479, 10.180049694391643, 5.8399140286763345, 8.641216567048081, 5.323102820967883, 7.806326639241403, 7.5928783138533085, 5.35816340316064, 7.109610926996425, 3.876641439822923, 7.261839183211844, 8.761393953590908, 6.634721721861622, 7.350835102568111, 5.385545910691406, 11.03054259720484, 9.88441759735525, 7.947494569916236, 3.336398021644737, 4.983107053670842, 6.2269571774438495, 2.9461783063372633, 2.277918632137098, 3.669262999342388, 2.6632029465601352, 4.707378763966757, 2.1110070960810488, 2.1855498703240213, 10.064051413306474, 12.865563086004332, 1.3244019714039288, 11.725339347923843]","[16.40254964912622, 5.160324599011499, 10.973001530373333, 6.112083311235716, 10.232077541655126, 10.670748888011527, 14.256680398515558, 5.120771237118399, 7.583581599740299, 14.083383241775936, 5.264218072348842, 9.209016971375362, 13.867016691666251, 4.388508181166503, 13.070636068763802, 6.770751611747898, 10.963205623276496, 4.327310516053391, 5.486600670887232, 14.008214821349151, 14.761468613997044, 2.724062950587547, 2.1868789701593223, 0.0, 7.164785801460093, 1.196167679590677, 5.001776356043753, 3.0558654062057786, 1.3977089173824124, 0.596913205834485, 3.550689054015631, 2.158047314469364, 5.220251617603967, 12.160767784321905, 14.917420779883063, 15.374219813935053, 18.4915230650732, 7.655179870856759, 9.140954891157191, 11.248755038363079, 12.936212284168967, 8.168194873164007, 9.116091874403248, 12.117985613867882, 7.40467375028321, 10.747096356170575, 7.402824766835513, 9.150470706360698, 9.49707617838316, 7.07606461332803, 9.255179926468426, 5.618167348275826, 9.181876025028542, 10.737394574076214, 7.826925046376207, 9.223486508317192, 6.58248300053976, 12.799834566834107, 11.458385625067592, 10.088130493924437, 1.7423593071686843, 6.944115859676549, 6.230770126815914, 1.6865924055986725, 2.8929240321450265, 4.414394447441976, 2.7907748943460553, 5.761710398679573, 3.403042085023076, 1.1219061804545614, 11.799348328142129, 14.140284014134744, 1.2250506440665974, 13.075971002358855]","[10.134253871503716, 7.192949548406884, 4.736837672107063, 1.541043509372688, 5.068781318587392, 4.011035805119272, 9.531909019930431, 2.9915340750390618, 4.689155815449921, 9.657004007398747, 5.459144038323463, 9.864888011197918, 9.548210158919865, 5.456279294006471, 8.549373507889376, 2.6050263320964846, 6.860259077901766, 6.3505491636317455, 3.395056030735344, 7.5808692393962485, 10.050928506526148, 6.256065769045592, 5.22170746613054, 7.164785801460093, 0.0, 6.911013095020384, 2.3317691519885564, 4.1448626287913015, 6.968899195975763, 7.028718403598117, 4.114051390158141, 5.300682961156342, 2.2283836339118905, 5.56184321121782, 8.020419197461568, 9.590872614418455, 11.677401006492271, 3.5689575120090518, 4.463026194972172, 8.662637576898963, 10.8460068919287, 7.2138644732324675, 8.91191612035718, 9.065065895378275, 7.399457492845151, 6.617056178197788, 4.766847019963145, 9.433577786321738, 7.229040562334796, 6.613300882160837, 5.043396610259734, 5.850505424730447, 6.914193011847649, 7.6944155734910575, 8.926722356371112, 7.217771178005099, 8.035836793426904, 10.610404179576188, 10.39736295390174, 5.698328571181951, 7.4556141442789166, 0.25494352782709, 6.4252534632968485, 6.929370788423616, 6.947168210148728, 4.214560102742707, 7.519986307935293, 3.4240011779394295, 6.198695389858277, 7.405604631332009, 4.966673676046708, 8.476129747888207, 6.544874235419409, 12.696443518255453]","[16.553740667419984, 3.967582008310849, 11.065157853188744, 6.078831133103062, 10.511842216619177, 10.650677571161086, 13.311486006284888, 4.489300047817128, 8.070774810939938, 14.577802528496674, 4.197445665708822, 10.221747398778483, 12.882003317153389, 3.32601208001233, 13.531876389929279, 6.102471286122527, 10.012544296441648, 3.1651864840448947, 4.731119863152285, 13.345491702137098, 13.807838849623666, 1.5832212311460208, 2.6001799616438195, 1.196167679590677, 6.911013095020384, 0.0, 4.61869465231532, 2.79951103740165, 2.5024647201268557, 1.7296636432946233, 2.939664324505697, 1.6115500043175583, 4.793458140616207, 12.179427592191505, 14.849302483891858, 15.633657113401611, 18.47184839504589, 7.963402937469792, 9.455516377402196, 11.948900507315834, 13.735676176767159, 8.96478834894932, 10.038534187075852, 12.77718483817999, 8.281076780011878, 11.212580235460887, 7.91410378130869, 10.125195172885505, 10.182219550403493, 7.874570965206924, 9.649129667048859, 6.392431207532797, 9.853938801797366, 11.361236332553126, 8.843585912682801, 9.932191036287257, 7.587402732380667, 13.584768220740653,