Vehicle Capacity
0,0,0,0,0,0,0,0,0,0,0,0,0,0,0,0,0,0,0,0,0,0,0,0,0,0,0,0,0,0
Original Route
[0],[1],[2],[3],[4],[5],[6],[7],[8],[9],[10],[11],[12],[13],[14],[15],[16],[17],[18],[19],[20],[21],[22],[23],[24],[25],[26],[27],[28],[29]
Coordinates
"[8.154727358874531, 3.2088688499162057]","[8.416239216397203, 9.29510263933709]","[8.588268984115487, 2.0167799882909234]","[4.7611551363804026, 1.5678486957986881]","[4.7415284324900995, 8.841721704535084]","[8.15155516177821, 4.58953643285642]","[4.001472860832681, 5.366186376980647]","[4.7390149660095195, 4.733121245469462]","[6.102074996126926, 9.0989815445413]","[3.9701947666730164, 2.330148789691411]","[5.001450102061222, 7.6063306704436675]","[8.84595211180789, 8.579276970204596]","[3.9158470688178637, 7.363652660635215]","[4.028311592994812, 0.7768505484761234]","[9.727333455570488, 8.33744465243544]","[6.019624000003888, 6.397759113397345]","[3.457384377420434, 1.6111165808395345]","[5.935818679054093, 6.713341921858512]","[4.497619538349663, 5.5937994103777715]","[5.398215135622805, 4.158771529995376]","[0.9918431953638296, 6.813507769922205]","[2.8883473441021303, 0.3031778414970232]","[3.9552199202752023, 7.405781850331078]","[7.529023451381503, 1.9090769271040697]","[1.5102823354959904, 8.77138521825866]","[8.311048245170864, 4.603611823326944]","[4.550394769213108, 8.033213455758746]","[5.55377911116035, 5.070266427309172]","[2.5168974091336924, 9.328323299002502]","[2.6166895283644855, 1.7425348262248241]","[8.93657916909658, 6.458452538085823]","[6.290421601540573, 0.2331858506503215]","[5.978625681790461, 2.734265336957171]","[8.776108612663872, 1.8846802451893052]","[8.190114733633134, 2.1027611035267526]","[5.694207213171464, 1.9389181409462726]","[8.985851005191865, 0.016231463398602153]","[8.137953089161883, 2.9057804243118786]","[6.6315270564113415, 2.969254828299019]","[5.779887056619052, 1.516841023320089]","[6.067242734094575, 0.11532951115607981]","[9.605902512749111, 3.0381807924917927]","[5.698175166226181, 2.3437983481443614]","[5.025554682787881, 0.2580318299994705]","[9.77547079255314, 1.32778338875096]","[6.291236813179821, 4.382150797115248]","[9.494605551540133, 2.8998254729635335]","[6.505157206479123, 1.3428278676780436]","[9.391636723629908, 1.8730903769310152]","[2.8943159596495933, 9.520726944016584]","[1.7113025434032803, 7.1042812216155]","[3.737635965616679, 8.811044608482458]","[4.591584494120195, 9.79868878075116]","[0.15114764462819064, 9.265570543283697]","[1.4175773040987987, 9.182268127412485]","[2.7109410003387135, 4.554313857291695]","[4.682213958821891, 3.1197735177376726]","[3.4897628171657096, 4.971737810611349]","[2.871613196599573, 1.706135777912221]","[1.0287970138150109, 2.5135039255832137]","[3.336098522204243, 4.618797907467304]","[2.0826483966848475, 2.2050946463836807]","[2.7929307787850317, 1.881312380108298]","[4.093781199664845, 2.4743048901655467]","[0.6332816749302761, 0.9748189989275435]","[0.7677620053411527, 4.703456306137071]","[0.4545305086798257, 3.595627814909172]","[3.5486723483240628, 4.967416198858835]","[3.8821158252171735, 3.536803384969387]","[2.5539454932213976, 1.5003633198660822]","[0.7683193218809586, 3.77746970027651]","[4.996225770544248, 0.011216385707631948]","[1.598968783187991, 0.6999162822631311]","[1.3662097288920845, 3.7905170721631274]","[2.0155168826904637, 1.9559893856838588]","[0.9065650530496877, 2.6100986226140073]","[3.074799705162354, 0.8622480030160851]","[3.3791229310551247, 1.8108302069587756]","[3.609891004638363, 1.7891045929260514]","[2.702927542948133, 1.7496396534398833]","[0.26315734495222454, 4.541538906073072]","[1.1753825788517775, 2.0032357953134774]","[2.06450324036061, 0.4385511501828965]","[1.9068887922787896, 1.348083865683352]","[3.113893818370817, 4.192961909171124]","[1.4383066559910762, 4.213366572352318]","[4.758760286949734, 3.8730750753280825]","[4.464452573128041, 0.8172899654346388]","[3.7292072516554664, 2.162233344163341]","[2.5705154820136467, 2.468878259627212]","[8.159657907425032, 1.0373311354004584]","[5.768434436198205, 1.9399735262567934]","[5.044869710557937, 0.5331346261474929]","[8.56231751178066, 2.9375246584901005]","[7.542018949657011, 3.1221513263599783]","[5.3498436906562565, 4.41882004403992]","[7.834224905826286, 0.03791902107735168]","[9.660480506993672, 1.338748958106789]","[5.481785502613194, 3.3979204980731]","[5.008282240290652, 3.8865673426399434]","[6.475527340026338, 4.373443319322891]","[8.474981979647211, 2.096036089662623]","[9.995977761247998, 3.8831210293064427]","[7.483251993114095, 1.5247532034014577]","[7.133253467245329, 1.0873491747150514]","[8.357236212415113, 9.47571803849917]","[5.672861420518448, 5.521716185661777]","[7.329241062850656, 4.230685565011532]","[0, 0]"
Demand of Rebalancing Centers
15,15,12
Travel Time between Nodes
"[0.0, 10.153082480912092, 2.1141285273314754, 6.282533011697241, 10.977117385328329, 2.3011187118783427, 7.8002033160973685, 6.233965323603666, 10.395887177906918, 7.126332616009092, 9.018627008298616, 9.024515228212671, 9.89252448221547, 7.9829714760441135, 8.940447990507819, 6.396111549993461, 8.269395281994749, 6.913129063470307, 7.276738316406998, 4.85931943639052, 13.364581225876105, 10.024663848119, 9.895276855918919, 2.4042580412790056, 14.442437276687368, 2.3391262503164985, 10.036809239109344, 5.330658894131996, 13.867713231403211, 9.548123504006687, 5.570529198769965, 5.852427148188783, 3.7120924780151365, 2.4378896403386525, 1.8444561174526497, 4.61487154950164, 5.498408860059673, 0.5059204204541528, 2.569886530557934, 4.859933877920241, 6.2199450022463925, 2.435298145202845, 4.340697476033983, 7.168441786918542, 4.138334269707101, 3.6701451460537733, 2.291761440476123, 4.151034220216215, 3.0341797836895803, 13.6942283756045, 12.549010684580615, 11.890130081320478, 12.485737840908204, 16.728296357165483, 15.006543923398306, 9.345978366425893, 5.789426975041358, 8.311571777411526, 9.154461865567214, 11.932962710798739, 8.367776123803974, 10.257477702570602, 9.206167731289396, 6.8780786882361244, 13.077028620322709, 12.561078421346197, 12.84983938818248, 8.217229787784362, 7.141963310996344, 9.75929025379875, 12.347101618507896, 7.4909414861002634, 11.699099382409809, 11.355650363857722, 10.442915225004002, 12.121420731347603, 9.326231578792504, 8.293389217759625, 7.935725835355352, 9.406184590881333, 13.338841233532044, 11.804519452403431, 11.151169591271122, 10.865082644235924, 8.559991227335349, 11.318534790886241, 5.767187419520063, 7.3291233284703905, 7.579334861850565, 9.388380578523412, 3.6192388533261783, 4.5044697724778056, 6.837553215116983, 0.8160838106583729, 1.0313576861184117, 5.091210913699709, 5.31184332919873, 4.001611117486155, 4.4660318866804145, 5.36433493115522, 3.4058554146962337, 1.929996959136825, 3.2680350219346628, 3.021738222014911, 3.9243734969014543, 10.450200501559406, 5.654133525925356, 2.189328298925533, 14.60559420921573]","[10.153082480912092, 0.0, 12.133925678502598, 14.246841086508544, 6.1709565298089695, 7.855007421373967, 9.849780732307554, 9.765820843015263, 3.8707663331851427, 13.771739720712429, 6.3492640558457385, 1.391501548159815, 8.162248550188792, 15.969982911672046, 2.7059999814557636, 6.266835991230372, 15.241927103773486, 5.9670331461914285, 8.983816587788116, 9.92896528917703, 13.046920600177659, 17.59200419080885, 8.07434658590319, 12.398535715005902, 11.542977708691772, 7.821116575786471, 6.7776424943945335, 8.505377199901083, 9.832392239028056, 15.870662763205203, 4.806632415303304, 15.513205523101732, 11.665064872467823, 12.365258909323368, 11.993158819539108, 13.072756722894127, 15.493897355051688, 10.658966170426442, 10.95464741843699, 13.68816464419479, 15.792580814239633, 10.615027314066609, 12.439688225101962, 16.087036742828367, 13.470717884687232, 8.921374305202622, 10.809260945482066, 13.631143721130083, 12.476385062324512, 9.210884681281561, 11.756307322880682, 7.839295701685791, 6.429442421491786, 13.775240553901254, 11.665952381674348, 12.36319650437985, 12.02747253216155, 10.924189920951635, 15.66447641810583, 16.713632444046045, 11.507926666493729, 15.844959416841533, 15.508589357760927, 13.458467516515537, 18.988413715060243, 14.868163199829295, 16.319111054632167, 10.855372088185277, 12.215232433920992, 16.25529390308942, 15.717554938060648, 16.48964624141675, 18.28420726203193, 14.907434577066983, 16.230272618984493, 16.756796692623713, 16.63697466567744, 15.03577902446513, 14.854945847296834, 15.774094616518338, 15.729405598069402, 17.12708437570094, 18.164606472578978, 17.121035658963148, 12.264074312849038, 14.387068293751959, 10.90050139318596, 15.589341569705528, 14.224987113892158, 14.978672361884037, 13.769594541289328, 13.02868570417323, 15.646992594341905, 10.59875997082948, 10.390913363121799, 9.600479367296977, 15.459102784074233, 13.42175889802866, 10.9782329844085, 10.654475429838575, 8.817453186305737, 11.998843682584596, 9.396382107757873, 13.043601615282782, 13.845704244411964, 0.3166810386799498, 7.775418363110211, 8.632928769242582, 20.898698499044915]","[2.1141285273314754, 12.133925678502598, 0.0, 6.422257241834055, 13.057271526885039, 4.349263885888472, 9.465906928604022, 7.851975392174894, 12.509856050915491, 7.7144902408638485, 11.069019142661098, 10.945923547645412, 11.83457433971606, 7.875883799534206, 10.7041359694248, 8.464126119659355, 8.578160196323719, 8.989683379768723, 9.056685810636553, 6.404115716782016, 14.973521275078719, 9.919892895337632, 11.844652414700295, 1.774511707489259, 16.306320077635146, 4.33607294195285, 12.076365789314865, 7.174783818333567, 15.839491643244473, 9.96312250324277, 7.425514390068859, 4.848055349379305, 4.510796736387228, 0.38273165889979793, 0.6788870781457147, 4.825181631961749, 3.3994549660905693, 1.6609118818131485, 3.6270769117246555, 4.754222690112415, 5.262838078422777, 2.40302910777991, 4.847560464319261, 6.621960157347217, 2.2877478300086036, 5.49528481153304, 2.108985604932021, 3.649035694157937, 1.3601944604696867, 15.699462212938018, 14.257097279928201, 13.913489897831095, 14.580389356820923, 18.538996512410773, 16.895351056968334, 10.66953898374188, 6.764667312716116, 9.821538245967039, 9.54181633337947, 12.626289938461923, 9.768968985273947, 10.847242562827505, 9.661535475365639, 7.529525121592888, 13.371560387696476, 13.781888179170094, 13.80926239546, 9.733074810863958, 8.24256376672306, 10.093967693652928, 13.35952021986296, 6.856679592470815, 11.853790687527672, 12.39447492597917, 10.955055363234566, 12.840972000071876, 9.388421887709267, 8.688692830107337, 8.305968970197355, 9.819001962977783, 14.49922329312966, 12.35483129774958, 11.186589906474012, 11.191265911447069, 9.818428139655413, 12.466282738615472, 7.092830557022282, 7.157870203578786, 8.102063797198, 10.05785349021188, 1.7818744114073615, 4.701467297627549, 6.402447876584628, 1.535183871195652, 2.5366671756618713, 6.72003530305276, 3.5294291321388114, 2.114344939064602, 5.666124662463553, 6.731437405612617, 5.275082756196345, 0.2304312080163593, 3.8961779286439455, 2.016014293552197, 2.8775528721647228, 12.437525318616773, 7.5982781327086215, 4.244777578638071, 14.703152124694858]","[6.282533011697241, 14.246841086508544, 6.422257241834055, 0.0, 12.123165812554614, 7.569200954544992, 6.455937469593419, 5.275583301305116, 12.74929497567879, 1.8308466010720126, 10.072102040984829, 13.52422649026555, 9.761871594215298, 1.7971719513274165, 13.993089218343377, 8.31861675913627, 2.174147535239042, 8.79645366956894, 6.724278186717072, 4.446823640219228, 10.765770296874633, 3.7663721848522442, 9.82216810889008, 4.648037732631204, 13.171846280561262, 7.784885435947544, 10.78133178380599, 5.9849771955833555, 13.464114734821553, 3.5859478787678745, 10.717609055917887, 3.382955985394946, 2.8100822001186403, 6.712391866997846, 5.784052597812236, 1.6735513728514326, 7.501031636425002, 6.053654939160375, 3.8952357892722107, 1.7000134868458565, 3.2556262388950974, 8.438248504313464, 2.0276590219234727, 2.227060433042578, 8.366765080992732, 5.338915374439134, 8.195478931107598, 2.9307647814922544, 7.73421909685874, 13.61508160325183, 10.534821354785969, 12.191923387868954, 13.720977725404525, 14.954290606457654, 13.860304630396712, 6.037464553481549, 2.589885434223273, 6.055965730697622, 3.157659144960154, 6.417156035169985, 5.6122577764579455, 4.588778812413399, 3.3217158397483644, 1.8760558536115577, 6.950424354573878, 8.46220745186822, 7.933561593322948, 6.015529375244701, 3.5937803828967283, 3.680401806573596, 7.605765872930261, 2.6238025585575913, 5.465225726450926, 6.76303454061459, 4.621562571032921, 6.6550209993111435, 3.0467044937722374, 2.3387158343141903, 1.9538873453888062, 3.4437337531966405, 8.98684495346987, 6.020180589933715, 4.87261177821761, 4.77119043601711, 5.165238843792767, 7.078937235597524, 3.842046039179152, 1.3451257879699243, 1.9848100573829353, 3.9478392015890305, 5.732768859491729, 1.7896992898287842, 1.7881765740046773, 6.734003194182405, 5.3095982834446644, 4.851858705242028, 5.72141266002722, 8.17446494629352, 3.278071471585729, 3.8864179339708205, 5.479870549003704, 6.251997846201263, 9.539953105541061, 4.53739662230092, 4.033791393085066, 14.478547027185996, 6.762699263018892, 6.165712880693485, 8.35443125359882]","[10.977117385328329, 6.1709565298089695, 13.057271526885039, 12.123165812554614, 0.0, 9.084382489736672, 5.922421628912572, 6.847668713135553, 2.307758398379018, 10.928497081960202, 2.104063714594332, 6.854676217720601, 2.821759603141036, 13.493910666170404, 8.352070114889006, 4.596641716931046, 12.239584734352611, 4.067598831806282, 5.428446364989637, 7.881282284856385, 7.105121615598566, 14.562223907481355, 2.7285549397239097, 12.45343460995421, 5.386685891220176, 9.235055052821918, 1.384655658735998, 6.429883805999457, 3.795378879424735, 12.350595431176847, 8.041286278127801, 14.577947538505505, 10.385812021708391, 13.403799533601067, 12.616824906358394, 11.61372438786864, 16.32172649649855, 11.39823321234796, 10.281855919114394, 12.330187169249346, 14.710865138293821, 12.62088462193342, 10.94661044934509, 14.313979450277062, 15.07387776344725, 7.868603000301144, 12.681775301414184, 12.839154007792656, 13.96278085357562, 3.280092323844994, 5.821647430681992, 1.6739351252424992, 1.6144049209946463, 7.683178526220675, 5.568917451670775, 7.9065991017727555, 9.537092682314542, 6.778989701631548, 12.294213804518161, 12.228236318394371, 7.41775621745392, 11.915729771304527, 12.04670664764536, 10.667131938491753, 14.791687755900087, 9.562086610543743, 11.29157162291168, 6.756303391986632, 8.956801947682523, 12.767260870454878, 10.728083472734394, 14.723629432522912, 14.54539605315781, 10.125249597603139, 12.342839640018157, 12.195180099437803, 13.586143390697426, 11.936124440936887, 11.90471561458309, 12.298771551833497, 10.347756023232465, 12.854126637435701, 14.698803734849724, 13.353088484787973, 8.20910099152689, 9.47701097603211, 8.281127516953873, 13.38202315788318, 11.259608110595545, 11.220817805960504, 14.20016835414837, 11.629543778290067, 13.856871056359758, 11.721060336343335, 10.613962560865016, 7.440897972939197, 15.552037484008652, 14.952767260138094, 9.156502259375905, 8.270548877423186, 7.988231611267526, 12.84987568070832, 12.04124375322655, 13.022957947139009, 13.52473474509887, 6.118118379337214, 5.746935845382454, 8.812540139754102, 16.721421272706756]","[2.3011187118783427, 7.855007421373967, 4.349263885888472, 7.569200954544992, 9.084382489736672, 0.0, 7.036880669477836, 5.692599285756448, 8.2555476574336, 7.921245566309668, 7.269458439097211, 6.749530164629946, 8.438822965252688, 9.35974109038671, 6.776161903970354, 4.6591605529581965, 9.265561110250989, 5.115346712478175, 6.315718853292469, 4.644722124557176, 12.495279547593992, 11.312999713427903, 8.422929635248838, 4.586335045069449, 13.080346157614231, 0.2668549349313313, 8.304494701840865, 4.403137056163693, 12.270727243706144, 10.373598396370793, 3.378490006419714, 7.895429149572386, 4.762017944188691, 4.626708095688153, 4.145123768137526, 6.024103499445294, 7.747968891193512, 2.8063515820215286, 3.702775955344667, 6.469214850354045, 8.226462361453446, 3.544099376337151, 5.543367645639713, 8.902841481362803, 6.072738467163991, 3.1197369725505575, 3.5974170816719293, 6.067157199585973, 4.97685795981908, 12.013326383386122, 11.52301985171375, 10.179474711824216, 10.515683965994523, 15.44450778345475, 13.585086002048188, 9.067880293082927, 6.279714123267776, 7.795722786931427, 10.026601630521997, 12.365228421041447, 8.025909239165056, 10.867534724591572, 10.006849431749304, 7.626659019299708, 13.903498595496462, 12.307786504956821, 12.934884233819684, 7.697280059278086, 7.3288545259830995, 10.65575281812379, 12.379600586550339, 9.267193933037444, 12.700123923803464, 11.38704729339819, 11.128858358652447, 12.517549427391863, 10.496841456878098, 9.204062763362055, 8.892745452574841, 10.240518195224185, 13.14757306280879, 12.400261522167082, 12.279486045049767, 11.726379664337767, 8.422077990433076, 11.206298980732626, 5.779363176061521, 8.791499826253718, 8.407827259720216, 9.950599506616895, 5.920357564689919, 5.939380810581566, 8.515653904280432, 2.8371878735938565, 2.6482454593427582, 4.678179623655531, 7.604443064301454, 5.973198218203703, 4.872718431631936, 5.368201178326951, 2.8165017175581784, 4.190647280958069, 3.2917900600532626, 5.2280029565140005, 6.078709185933834, 8.15084783897981, 4.41364102480423, 1.4953394473868775, 15.591281059192935]","[7.8002033160973685, 9.849780732307554, 9.465906928604022, 6.455937469593419, 5.922421628912572, 7.036880669477836, 0.0, 1.6199621203081291, 7.138761387618479, 5.060331167963687, 4.088670300867311, 9.688614505552602, 3.3321678506620875, 7.649023841921009, 10.751466991613256, 3.777519884151018, 6.323804553623179, 3.9287126130599357, 0.9097759470565946, 3.077128709846582, 5.565920593151496, 8.639879089685206, 3.400199761052357, 8.231919399053918, 7.031952744075594, 7.294206213604996, 4.538216946859825, 2.6337675335175037, 7.051889672010711, 6.465394084228741, 8.424224270347715, 9.367049330987564, 5.486382545888694, 9.848580200601578, 8.849774832979103, 6.370835709464995, 12.186746337190133, 8.021510340482145, 5.930726468698188, 7.067180937168223, 9.404328642033448, 10.114516757376693, 5.776780175356363, 8.682995267555933, 11.743526681497366, 4.15376167531359, 10.035692256832194, 7.897933801003608, 10.705085257505718, 7.165892153300598, 4.791732976868985, 5.758244847950875, 7.45268581325116, 9.133303094073284, 7.68096423599856, 2.5411116722892655, 3.9121531357296466, 1.0768225381242522, 6.3841281595240575, 6.866706889031284, 1.667760087051832, 6.1631495045284055, 6.147474806364066, 4.822257240938414, 9.223884954264065, 5.501539442062277, 6.607167335389199, 1.0056036869675307, 3.0554542458305383, 6.879907014250154, 6.004003869010589, 9.077633832486631, 8.747396825461589, 5.117330448993207, 6.57720488306403, 6.907016168852808, 7.663800916195882, 6.0156917332937425, 5.997418527980693, 6.404345344753851, 6.380318336612912, 7.321244372191122, 8.82443580806064, 7.552120785936264, 2.451899608514714, 4.684138274712452, 2.7902934955532332, 7.620660655410768, 5.359167534452801, 5.3856892024860015, 10.004095075998254, 6.425013555386367, 8.240662428242311, 8.611959009446988, 6.986327901198519, 2.7465164114993397, 10.939279538330787, 11.5763911693697, 4.1046708108253185, 2.9827921358965455, 4.442998344632282, 9.235524219279432, 10.292064341382321, 8.640890314381993, 8.83749863589404, 9.98066531572306, 2.7976821948598265, 5.860271917360258, 11.156430792307034]","[6.233965323603666, 9.765820843015263, 7.851975392174894, 5.275583301305116, 6.847668713135553, 5.692599285756448, 1.6199621203081291, 0.0, 7.622821874096832, 4.204944550478579, 4.8086162829501164, 9.377847208900123, 4.593866960156066, 6.699331872222333, 10.25703939514748, 3.500388363091331, 5.624719768717923, 3.8563126655293622, 1.4898160364109647, 1.4571876063951141, 7.143237744314649, 8.001626433484786, 4.642033014416839, 6.616346268594407, 8.617213121497318, 5.957300478744975, 5.509130344520895, 1.469606415432655, 8.507135624052784, 6.1118901409569535, 7.563860218962119, 7.933102431218872, 3.9200551546833546, 8.23470657305171, 7.232043679657885, 4.921597306872513, 10.578367018472505, 6.431682612420283, 4.3117496931636214, 5.634189574079319, 8.008361863529688, 8.589304966667216, 4.291092905776415, 7.473755988223609, 10.132759469924675, 2.6523432608684496, 8.494543216853248, 6.37123474886831, 9.102299127826537, 8.551166708705468, 6.4095072930939905, 6.998455952135878, 8.4461875355001, 10.74859463628404, 9.253656352290381, 3.3932351378632197, 2.6905788539699333, 2.1197279677086116, 5.927766674538783, 7.205788240390389, 2.3459447125194095, 6.111737758951794, 5.754239371570063, 3.915275618302908, 9.276895079508977, 6.6189395941249245, 7.388184705939375, 2.021969386968772, 2.4525794589246797, 6.503258244582316, 6.806796802161793, 7.881508404453883, 8.519036249855091, 5.836741336630045, 6.48286270281519, 7.3019969476586555, 7.022438657929571, 5.372018878848134, 5.255197155249533, 6.020062385319078, 7.4665932356406435, 7.481783499825302, 8.432138465083584, 7.355915368388121, 2.8542321662035657, 5.568966657601529, 1.4337880019897247, 6.542408476259584, 4.603493908933358, 5.2252555256567215, 8.393063053356032, 4.961344639349993, 7.01851415251246, 7.039927686590416, 5.38827312385665, 1.1449126313993627, 9.372721723093436, 9.964183957263877, 2.5464949254341707, 1.480576441227726, 2.95561773749519, 7.621546147812666, 8.875396422758119, 7.036504489346775, 7.269424551712162, 9.942019318863599, 2.0371215942379584, 4.3975096632305215, 11.163021740000007]","[10.395887177906918, 3.8707663331851427, 12.509856050915491, 12.74929497567879, 2.307758398379018, 8.2555476574336, 7.138761387618479, 7.622821874096832, 0.0, 11.82769938368137, 3.0909283886621646, 4.65443470447038, 4.652048200483792, 14.294361647540033, 6.173968050480033, 4.504134147054034, 13.235317880507207, 3.985709741717798, 6.4249036113933755, 8.316832612080008, 9.33003802421722, 15.607530963882311, 4.557018982107559, 12.216895211800225, 7.672439708900728, 8.3479724327066, 3.137396809131972, 6.776424383536964, 5.987509213775784, 13.567242020797215, 6.456436784006745, 14.779660172155767, 10.609855499106876, 12.823221018072552, 12.168608338749111, 11.952784900027112, 15.88259993995492, 10.865406333521516, 10.254249674586655, 12.648304668117579, 14.972865934325691, 11.667870535777901, 11.278745385492599, 14.84374988562235, 14.326098702655402, 7.867703761597959, 11.777898271431932, 12.944367621932223, 13.232401260752242, 5.392275137762804, 8.03770837121936, 3.969844528213496, 2.7744728093104007, 9.922097705699041, 7.808730029322454, 9.450719279639983, 10.242467963371622, 8.140829155083573, 13.44640100210327, 13.855069765613747, 8.775387183005934, 13.300111398122844, 13.233499539087902, 11.537328877741349, 16.322251126190903, 11.519975068105063, 13.14255820386896, 8.094871024888905, 9.981377743818332, 13.97698722640531, 12.557361486528032, 15.258001370122072, 15.883452504363802, 11.856575166442763, 13.715592727904847, 13.854293873410402, 14.625716993001209, 12.967011335199016, 12.87172634704837, 13.495578457071495, 12.344954293165884, 14.397328640345552, 15.925611823105779, 14.688998350341741, 9.574017996311918, 11.257092676142086, 8.992989991107326, 14.070084755702522, 12.218948960096537, 12.520004234374571, 13.866812374641784, 11.944630572991947, 14.384735007522508, 11.057469093897318, 10.246400187148824, 7.900380371944377, 15.375232370763843, 14.228635014501847, 9.557843799048074, 8.87656784350155, 7.900453251970265, 12.323411842284997, 10.848409978041785, 12.831881396299663, 13.462868922887482, 3.8106876374692997, 6.004871110959756, 8.367636447717926, 18.259456028639924]","[7.126332616009092, 13.771739720712429, 7.7144902408638485, 1.8308466010720126, 10.928497081960202, 7.921245566309668, 5.060331167963687, 4.204944550478579, 11.82769938368137, 0.0, 8.96003205685378, 13.210329786563987, 8.389662106006881, 2.590641807901097, 13.867653156590864, 7.5912255502927435, 1.471942983395109, 8.006257864737421, 5.509988975509397, 3.866919280718134, 8.970799206923166, 3.8293475911364547, 8.459425251734014, 5.972753673643226, 11.491626891127806, 8.166946098466768, 9.554169919797856, 5.274673250567101, 11.912472417153834, 2.4592606161820854, 10.7636045531591, 5.212353417323803, 3.414472842252802, 8.044192197415795, 7.043403077302588, 2.9464104037319268, 9.206130339180264, 7.012203888272028, 4.561659689736641, 3.3067505479658306, 5.083479400698855, 9.466682968907856, 2.8800571809938256, 3.8756552303323653, 9.818628289246506, 5.163425978328502, 9.256176022799893, 4.534079955144966, 9.067790262077152, 12.117701629441463, 8.80260923342523, 10.808445027689647, 12.490575868700597, 13.195663831202697, 12.186900450051771, 4.259835121992043, 1.7720660737700666, 4.474870393390725, 2.1057287633809603, 4.911845050028447, 3.958111513625383, 3.1528073194174215, 2.099870776278984, 0.31646742733719846, 6.002755807769583, 6.643326676378395, 6.227477717118997, 4.451235950905287, 2.016441593661577, 2.735723513119965, 5.8563223628113645, 4.226302269764839, 4.795938876055687, 4.975890092747325, 3.3169434096175037, 5.127323032091338, 2.8657290306209475, 1.311337003502889, 1.0833943877536485, 2.323166585120206, 7.19420536359121, 4.689778267409311, 4.475179022878766, 3.808500382528048, 3.417001622674226, 5.25911024951064, 2.887933278064026, 2.652583961061634, 0.4895308957484595, 2.344229301055178, 7.30733628602982, 3.066803731198879, 3.4897413701493636, 7.720192994157511, 6.097630690194058, 4.171989520796832, 7.487961862662055, 9.626673798554986, 3.08447860450808, 3.1180764702885906, 5.388192811325496, 7.518110835119453, 10.37113830068865, 6.006994332226675, 5.664090401196039, 13.974708557502291, 6.028906335577112, 6.432390270733328, 7.672468794950871]","[9.018627008298616, 6.3492640558457385, 11.069019142661098, 10.072102040984829, 2.104063714594332, 7.269458439097211, 4.088670300867311, 4.8086162829501164, 3.0909283886621646, 8.96003205685378, 0.0, 6.6095091860903645, 1.85399460792079, 11.497439001575021, 7.97017027659312, 2.633820258227125, 10.318097765872672, 2.1541133409075797, 3.457731798959291, 5.783858410060442, 6.812063583947293, 12.671188283819946, 1.7754634938896623, 10.387937349021595, 6.134058941156261, 7.447922966189369, 1.035052099720753, 4.325855464400386, 5.038259371147607, 10.550300771981254, 6.831882972295719, 12.474942892333718, 8.28182292188073, 11.424307717960959, 10.600951229663266, 9.515991977615872, 14.287237557583266, 9.418189199112563, 8.192073276260695, 10.231738238149864, 12.610733116294293, 10.810100126697519, 8.847421510480483, 12.247230625656371, 13.145703725900532, 5.787651033727422, 10.844819176184435, 10.735791956520655, 12.03510869121368, 4.74485902682128, 5.5470524221857085, 2.9100218803978835, 3.7172360925543364, 8.543761675470053, 6.525106023032276, 6.359865165594658, 7.496500442733938, 5.062464810411086, 10.454731121166658, 10.765022683146624, 5.700572070315332, 10.2324041357335, 10.227059969886922, 8.686124222929205, 13.234828049216521, 8.555504153476877, 10.105033836887133, 5.020633202122972, 7.034431500076694, 10.963717447488587, 9.513086385924007, 12.65852680254183, 12.831757351992453, 8.783729590609493, 10.651311059729657, 10.766514219815782, 11.689814271997616, 10.030477316663761, 9.968917800199906, 10.485974180278017, 9.40513553730464, 11.307994329463982, 12.910237122308406, 11.635907400190996, 6.50084503578197, 8.200304294524935, 6.235226023886089, 11.35040871025624, 9.317963172821557, 9.472600898314523, 12.147934373251694, 9.5300501710072, 11.788882185188186, 9.786261101788426, 8.589779854131727, 5.344156228486853, 13.46863310551078, 13.0159245237543, 7.059555831939092, 6.199616003562511, 5.9218203677687695, 10.856228380211443, 10.38262391506958, 10.94746610891067, 11.4311593328477, 6.402236924676662, 3.6501182281898377, 6.8340630982196116, 15.172230608686624]","[9.024515228212671, 1.391501548159815, 10.945923547645412, 13.52422649026555, 6.854676217720601, 6.749530164629946, 9.688614505552602, 9.377847208900123, 4.65443470447038, 13.210329786563987, 6.6095091860903645, 0.0, 8.462938515953565, 15.28320776347871, 1.5232603402008444, 5.950525363160634, 14.681046117736466, 5.761604281090683, 8.790947431816718, 9.343411018209745, 13.41692212386532, 16.995658870264542, 8.382579847792332, 11.331601548034532, 12.230308055317408, 6.6858132362157825, 7.216878027183704, 8.01934433042029, 10.622042572997803, 15.415067978078131, 3.5379331440297497, 14.547620382424697, 10.850719618874521, 11.158268412178346, 10.849395840570649, 12.250607840632702, 14.27364705127759, 9.529169497496198, 10.052090268894165, 12.832116438679313, 14.847337246804535, 9.321610415015055, 11.641603238350939, 15.260566211922562, 12.184708556642905, 8.189159224560905, 9.52728837987526, 12.676039997030099, 11.213918722257333, 10.042728289783195, 12.142537365519336, 8.52261861290797, 7.376126842375061, 14.536412478758466, 12.421347061888387, 12.229142038380624, 11.443447100382327, 10.76298989697233, 15.177907494022607, 16.49086586020437, 11.309273601936974, 15.48946572497904, 15.046390939377908, 12.894207622489812, 18.65444069426326, 14.93310465005611, 16.26624960398756, 10.685752602336345, 11.792913425003915, 15.78504617222026, 15.661834764309928, 15.655319923115023, 17.84213896432109, 14.802286560967266, 15.857243687072739, 16.555039264200687, 16.060539649605417, 14.500775159205837, 14.290903947691296, 15.309827701708441, 15.808550313438117, 16.83926912621028, 17.658761255851754, 16.70335573963356, 12.029622245617249, 14.330851025473963, 10.388759054398738, 14.855412450767401, 13.678808312131432, 14.598142699290841, 12.621844678317844, 12.196477777587537, 14.831332640535866, 9.414795940000868, 9.351242042290918, 9.057252454205933, 14.335114962376915, 12.143665747181503, 10.296179424335499, 10.103524370154362, 8.046384677737187, 10.823076061269116, 8.05819796777087, 11.974887750561638, 12.808668802797762, 1.7016738648594154, 7.34415536447593, 7.675838646787858, 20.538234134838575]","[9.89252448221547, 8.162248550188792, 11.83457433971606, 9.761871594215298, 2.821759603141036, 8.438822965252688, 3.3321678506620875, 4.593866960156066, 4.652048200483792, 8.389662106006881, 1.85399460792079, 8.462938515953565, 0.0, 10.979603607237403, 9.820845865740177, 3.8581903216066937, 9.617960541027516, 3.5367865841783583, 3.1050316395560853, 5.885169247782067, 4.95884676690498, 11.891413844074336, 0.09610598975887145, 10.904565812888565, 4.645324004964257, 8.649922736364012, 1.537460426268798, 4.697056344888798, 4.019739788286806, 9.615493288213361, 8.502799879489462, 12.525769120292177, 8.446939386344505, 12.20670137030903, 11.29728876596068, 9.514653816924564, 14.878166158320141, 10.233225314631804, 8.609692552237076, 10.227937149239473, 12.601443015676876, 11.912462875902488, 8.878130240691352, 11.986253512678092, 14.020511566494864, 6.353439532120684, 11.908015434285167, 10.923325981139211, 12.923981427195907, 3.9778886328134075, 3.699583350382764, 2.4305364337009707, 4.2117632801949725, 7.02974896557325, 5.150165594239277, 5.094709441564924, 7.187533263616792, 4.049281294004418, 9.588465532749886, 9.407296336741691, 4.675686519197262, 9.124347489289454, 9.326931725133564, 8.154307344301229, 11.971311902734321, 6.869231764293907, 8.52752464531026, 4.040340488992194, 6.3783298875217, 10.032300306065443, 7.952574555678466, 12.385647755457276, 11.758366703338275, 7.315878563999902, 9.553079333615218, 9.376693068278612, 10.925965910774153, 9.297835769998425, 9.304896451810285, 9.572575965456164, 7.693155013553441, 10.033861363568256, 11.947164342921125, 10.570265066012281, 5.450894130864758, 6.679676666995751, 5.984849987062239, 10.948849830065, 8.674611314878282, 8.460485525077482, 12.696486223725259, 9.55225036116695, 11.53866311640802, 10.695312663433974, 9.300456392332931, 5.459035693032092, 13.846385231382845, 13.874464750811946, 7.106177821604899, 6.07443113762951, 6.56025808174694, 11.610997597336564, 11.676435157295685, 11.404083669845063, 11.754867712760012, 8.196672374478682, 4.2425848416578535, 7.72203581763108, 13.900163745323443]","[7.9829714760441135, 15.969982911672046, 7.875883799534206, 1.7971719513274165, 13.493910666170404, 9.35974109038671, 7.649023841921009, 6.699331872222333, 14.294361647540033, 2.590641807901097, 11.497439001575021, 15.28320776347871, 10.979603607237403, 0.0, 15.77986000104598, 9.938692373959606, 1.6848653904680178, 10.392373420180395, 8.066261402655435, 6.0813981491249365, 11.262199649349242, 2.0574284934856344, 11.04889041655483, 6.13209228565181, 13.969516010861236, 9.572230537484462, 12.125200283005329, 7.593943320830294, 14.473352817253485, 2.850547207526914, 12.513514002308423, 3.877539667547267, 4.6053102498695, 8.125553515658355, 7.279851223567858, 3.3852659943057817, 8.359249437345051, 7.713893605992221, 5.672391048646821, 3.1691229542214, 3.5726003138716798, 10.030943090234114, 3.8165464901349733, 1.8735488034311487, 9.622509181249223, 7.094407115426033, 9.773460687442096, 4.234479673823071, 9.12368684895299, 14.695173103677396, 11.230527574833456, 13.399084391831567, 15.065674879827709, 15.553739049641173, 14.669221198322186, 6.667644579910377, 4.054105033422435, 7.048860019332399, 2.4729212470451363, 5.7766418211933575, 6.5063469962099765, 4.022674095632738, 2.7618440365742742, 2.8311940509643834, 5.6679948570723315, 8.506438148322415, 7.586064804108358, 7.029875586696596, 4.606370245583617, 2.7372056546602455, 7.384530546628715, 2.0568675795297526, 4.050934517997679, 6.701776765001894, 3.8879125158913204, 6.033724656045481, 1.59554731595264, 2.0348081078970894, 1.8255395239534238, 2.740114313741881, 8.874004629844276, 5.175590340294919, 3.3212237239212405, 3.661641329788455, 5.893965062110787, 7.172046034598027, 5.302033576107088, 0.7300195982824291, 2.362172315660462, 3.722352629906925, 6.899249658461381, 3.4884263289402324, 1.7422748995207227, 8.370869177170613, 7.040867829837114, 6.457207190368903, 6.46163806780958, 9.433547774146941, 4.995162684099055, 5.43412085536738, 7.250353338482948, 7.730374437461135, 11.21283438691171, 5.891606918513817, 5.200714010640638, 16.194124789359318, 8.369636599397923, 7.9626056048131995, 6.837557853690659]","[8.940447990507819, 2.7059999814557636, 10.7041359694248, 13.993089218343377, 8.352070114889006, 6.776161903970354, 10.751466991613256, 10.25703939514748, 6.173968050480033, 13.867653156590864, 7.97017027659312, 1.5232603402008444, 9.820845865740177, 15.77986000104598, 0.0, 6.974056964774577, 15.325700162484312, 6.874529070741581, 9.842862172694666, 10.028095877238227, 14.779036740153408, 17.584808328513727, 9.74469802296556, 11.323093227583788, 13.714168821229354, 6.6556933424877895, 8.64311716906307, 8.833806499981883, 12.130337138300272, 16.163581550592966, 3.3976722862722517, 14.671530805032178, 11.235908262575236, 10.870832176719663, 10.702325857560556, 12.60591228191463, 13.923639486860319, 9.432377194801232, 10.328154515293047, 13.134239281157914, 14.999948285641356, 8.834424921732053, 12.036739192702903, 15.579869060882867, 11.683044246876477, 8.732301086862325, 9.070995384906025, 12.835182090408377, 10.788441409297977, 11.557859889502154, 13.517215734011598, 10.013986460546999, 8.89930580900289, 16.03509626092399, 13.920984759307505, 13.28552279101394, 12.096524157139235, 11.812807316894903, 15.896816388002788, 17.44696899961233, 12.323894765335522, 16.333922289234653, 15.790959474190828, 13.551682848751234, 19.50142689242807, 16.114158015097996, 17.358131412852767, 11.72994089879441, 12.606515701225838, 16.516252602154513, 16.75454381254742, 15.960842455223858, 18.589285433372538, 15.862511745295151, 16.68291592678791, 17.528425149217604, 16.677893739236055, 15.174583371863797, 14.935403472160615, 16.050394000881752, 16.995058913309045, 17.737128795227214, 18.341777257508557, 17.480983234090203, 13.007937859042862, 15.430487975178647, 11.132698965577312, 15.298024718098441, 14.347933713014765, 15.425458305223188, 12.444238290363984, 12.53888598807241, 15.168747266609243, 9.206941537396773, 9.424389748407986, 9.792008570406873, 14.187825932299656, 11.665024972415504, 10.855563895019822, 10.811484788471535, 8.545230895718058, 10.609687013225887, 7.437362268106211, 11.954620955685476, 12.833672660220705, 2.9687412021497463, 8.22716879235071, 7.926102679361189, 21.352465346098747]","[6.396111549993461, 6.266835991230372, 8.464126119659355, 8.31861675913627, 4.596641716931046, 4.6591605529581965, 3.777519884151018, 3.500388363091331, 4.504134147054034, 7.5912255502927435, 2.633820258227125, 5.950525363160634, 3.8581903216066937, 9.938692373959606, 6.974056964774577, 0.0, 9.048790376193944, 0.5442013537074714, 2.8688212762264733, 3.8727016034458623, 8.408234516252715, 11.419867480209101, 3.828937349889296, 7.892780539723491, 8.493177512461587, 4.8504265476250215, 3.66414513243571, 2.344762658019428, 7.611632183036399, 9.610624355679477, 4.862644213884559, 10.284196999492515, 6.106205293731992, 8.813828826606205, 8.020466516211782, 7.451166743604797, 11.728692002711048, 6.807110925552613, 5.80446834185583, 8.144670241613856, 10.471016777933285, 8.190129571841112, 6.777808404997478, 10.366134086256626, 10.515998258949994, 3.389710904154124, 8.217703879158938, 8.463659635553544, 9.404948015547097, 7.363664248295636, 7.276447405233433, 5.535595990665675, 6.147632659237366, 10.886198848260229, 8.96479600071898, 6.312613828353636, 5.900530857381188, 4.840148746690097, 9.41648990105756, 10.540371115400397, 5.366048608873064, 9.585610198232947, 9.251102072260398, 7.284375122558397, 12.738934536818517, 9.197329989016874, 10.384577959265746, 4.758466991149616, 5.952125875429528, 9.99936290621555, 9.781234503855513, 10.780031945513825, 12.01938312734305, 8.890065529093286, 9.966916401686124, 10.605258625961289, 10.450129369300665, 8.821086272210547, 8.667709808698955, 9.516869510722268, 10.080572874042957, 10.900880461329294, 11.920470228910121, 10.854314425895993, 6.079199188904808, 8.459058159407478, 4.703369594408538, 9.655193489967324, 8.02525309794032, 8.71340830304307, 9.619703915546928, 7.441428428042211, 9.908465278241724, 7.15668156685278, 6.020172745128843, 3.4820194902683177, 11.022746991674918, 10.388217130723797, 5.0794526081026685, 4.511989049084043, 3.4583643731871736, 8.255234666078303, 7.841271497042737, 8.480106377259705, 9.043202528106113, 6.441674644287448, 1.5702932296645364, 4.220092355299583, 14.640810046510556]","[8.269395281994749, 15.241927103773486, 8.578160196323719, 2.174147535239042, 12.239584734352611, 9.265561110250989, 6.323804553623179, 5.624719768717923, 13.235317880507207, 1.471942983395109, 10.318097765872672, 14.681046117736466, 9.617960541027516, 1.6848653904680178, 15.325700162484312, 9.048790376193944, 0.0, 9.453885153448018, 6.860485023089386, 5.337854794854558, 9.595103989457632, 2.377269027897683, 9.693351933324228, 6.8042113422808965, 12.367144344062336, 9.50337377481981, 10.8574091429941, 6.7413707269168635, 12.957172538402647, 1.4181742805935698, 12.192693787622684, 5.250606581479189, 4.60015725674136, 8.876258059349231, 7.930330482343221, 3.7678575777171117, 9.589867597309992, 8.09387249936086, 5.754158217663095, 3.8740255318202865, 5.0135204973191305, 10.51992653183106, 3.9292231107072024, 3.452051101073482, 10.54072705256768, 6.605837119007823, 10.288722266243038, 5.099264122062194, 9.900053476052433, 13.21604476682801, 9.606661395695415, 12.00896708435509, 13.776262639600153, 13.896628967371294, 13.068531822404, 5.060629057105829, 3.238764020393746, 5.6012953396100365, 0.9890462915980723, 4.318030512545135, 5.016876302713146, 2.4959461349448455, 1.1954826485589898, 1.7873746830352149, 4.8248289224015375, 6.830616020910442, 5.998938840226253, 5.595901431590656, 3.2866170002786212, 1.517003719232104, 5.755228712275916, 3.699742283657644, 3.4496354497460424, 5.033994965407468, 2.470896780455806, 4.565767656451384, 1.401561805726956, 0.35750053008852, 0.3906476239382587, 1.2784471447865162, 7.224660956900368, 3.859076489636062, 3.034536186025823